[gd_scene load_steps=29 format=2]

[ext_resource path="res://scripts/track/slow_zone.gd" type="Script" id=1]
[ext_resource path="res://scripts/track/auto_road.gd" type="Script" id=2]
[ext_resource path="res://icon.png" type="Texture" id=3]
[ext_resource path="res://assets/models/road_gen/road-template-basin1.mesh" type="ArrayMesh" id=4]
[ext_resource path="res://ui/RaceUI.tscn" type="PackedScene" id=5]
[ext_resource path="res://track/starting_line.tscn" type="PackedScene" id=6]
[ext_resource path="res://characters/player_cart.tscn" type="PackedScene" id=7]
[ext_resource path="res://weapons/swawn_sandstone.tscn" type="PackedScene" id=8]
[ext_resource path="res://characters/npc_cart.tscn" type="PackedScene" id=9]
[ext_resource path="res://track/marker.tscn" type="PackedScene" id=10]
[ext_resource path="res://characters/player_camera.tscn" type="PackedScene" id=11]
[ext_resource path="res://scripts/track/race_manager.gd" type="Script" id=12]
[ext_resource path="res://assets/materials/skybox/test_boxes.png" type="Texture" id=13]
[ext_resource path="res://assets/music/race.ogg" type="AudioStream" id=14]
[ext_resource path="res://scripts/music.gd" type="Script" id=15]

[sub_resource type="Animation" id=1]
resource_name = "look_loop"
length = 62.0
loop = true
step = 1.0
tracks/0/type = "value"
tracks/0/path = NodePath(".:translation")
tracks/0/interp = 2
tracks/0/loop_wrap = false
tracks/0/imported = false
tracks/0/enabled = true
tracks/0/keys = {
"times": PoolRealArray( 0, 4, 9, 16, 22, 28, 38, 46, 55, 62 ),
"transitions": PoolRealArray( 1, 1, 1, 1, 1, 1, 1, 1, 1, 1 ),
"update": 0,
"values": [ Vector3( -12.0103, 7.34948, 0.523657 ), Vector3( 9.0692, 2.48497, 0.523656 ), Vector3( 108.867, 10.1056, -38.2574 ), Vector3( 149.765, 70.6021, -190.439 ), Vector3( 216.563, 63.4885, -370.175 ), Vector3( 126.294, 95.0791, -641.598 ), Vector3( -481.764, 18.8212, -546.011 ), Vector3( -341.294, -15.2154, -254.841 ), Vector3( -98.1866, 2.62133, -30.8488 ), Vector3( -12.0103, 7.34948, 0.523657 ) ]
}
tracks/1/type = "value"
tracks/1/path = NodePath(".:rotation_degrees")
tracks/1/interp = 2
tracks/1/loop_wrap = false
tracks/1/imported = false
tracks/1/enabled = true
tracks/1/keys = {
"times": PoolRealArray( 0, 3, 7, 12, 17, 21, 25, 30, 35, 42, 49, 55, 62 ),
"transitions": PoolRealArray( 1, 1, 1, 1, 1, 1, 1, 1, 1, 1, 1, 1, 1 ),
"update": 0,
"values": [ Vector3( -23.362, -90, 1.08181e-06 ), Vector3( -10.2713, -94.5419, 5.7768e-07 ), Vector3( 0.580998, -90, 6.53743e-08 ), Vector3( 13.5654, -18.9669, -4.02916 ), Vector3( -17.327, -17.329, 0 ), Vector3( -11.0614, 34.0676, -4.42842 ), Vector3( -6.275, 64.451, -6.125 ), Vector3( -2.10191, 108.693, 4.19483 ), Vector3( -29.49, 163.367, 3.299 ), Vector3( -11.166, 226.043, 0 ), Vector3( 5.191, 220, 0 ), Vector3( 5.468, 260, 4.917 ), Vector3( -23.362, 270, 0 ) ]
}

[sub_resource type="PanoramaSky" id=2]
panorama = ExtResource( 13 )

[sub_resource type="Environment" id=3]
background_mode = 2
background_sky = SubResource( 2 )
ambient_light_color = Color( 0.427451, 0.427451, 0.427451, 1 )
ambient_light_energy = 0.6
tonemap_mode = 3
tonemap_exposure = 1.4

[sub_resource type="SphereMesh" id=4]
radius = 0.5
height = 1.0
radial_segments = 8
rings = 8

[sub_resource type="SpatialMaterial" id=5]
albedo_color = Color( 0.34902, 1, 0.482353, 1 )

[sub_resource type="SpatialMaterial" id=6]
albedo_color = Color( 1, 0, 0.984314, 1 )

[sub_resource type="SpatialMaterial" id=7]
albedo_color = Color( 0.772549, 0.772549, 0.772549, 1 )
metallic = 1.0
roughness = 0.0

[sub_resource type="Curve3D" id=8]
_data = {
"points": PoolVector3Array( -100.107, 33.4325, 222.589, 100.107, -33.4325, -222.589, 174.161, 36.3538, -208.953, 61.7282, 2.07407, 25.7717, -61.7282, -2.07407, -25.7717, 63.1714, 29.2444, -623.832, 17.7378, 5.93922, -91.6074, -17.7378, -5.93922, 91.6074, -448.101, -33.9611, -478.31, -162.301, 3.15832, -3.7713, 162.301, -3.15832, 3.7713, 0.055366, 0.0253022, -0.00670886, -57.9944, -34.4389, 122.146, 57.9944, 34.4389, -122.146, 165.458, 38.5742, -188.774 ),
"tilts": PoolRealArray( 0, 0, 0, 0, 0 )
}

[sub_resource type="SpatialMaterial" id=9]
albedo_color = Color( 0.4, 0.4, 0.4, 1 )
metallic_texture = ExtResource( 3 )
metallic_texture_channel = 2
roughness_texture = ExtResource( 3 )

[sub_resource type="BoxShape" id=10]
extents = Vector3( 3.62629, 11.8252, 19.5752 )

[sub_resource type="SphereShape" id=11]
radius = 51.1338

[sub_resource type="BoxShape" id=12]
extents = Vector3( 25.7114, 12.1655, 60.4001 )

[sub_resource type="BoxShape" id=13]
extents = Vector3( 25.7114, 12.1655, 34.712 )

[node name="iron_circuit" type="Spatial"]
transform = Transform( 1, 0, 0, 0, 1, 0, 0, 0, 1, 0, 48.6763, 0 )
script = ExtResource( 12 )
track_name = "The Iron Circuit"
laps = 3
starting_line = NodePath("AutoRoad/start")
racers = [ NodePath("npc_cart2"), NodePath("npc_cart3"), NodePath("player_cart"), NodePath("npc_cart") ]

[node name="level_camera" type="Camera" parent="."]
transform = Transform( 0.966681, 0.0173385, -0.255397, -0.0622122, 0.983704, -0.168691, 0.24831, 0.17896, 0.952006, 133.435, 46.4273, -116.88 )
current = true
near = 0.1
far = 8192.0

[node name="AnimationPlayer" type="AnimationPlayer" parent="level_camera"]
autoplay = "look_loop"
anims/look_loop = SubResource( 1 )

[node name="Listener" type="Listener" parent="level_camera"]
current = true

[node name="music" type="AudioStreamPlayer" parent="." groups=[
"pause_reactive",
]]
pause_mode = 2
stream = ExtResource( 14 )
bus = "Music"
script = ExtResource( 15 )

[node name="RaceUI" parent="." instance=ExtResource( 5 )]

[node name="Label" parent="RaceUI/winners" index="0"]
custom_colors/font_color_shadow = Color( 0, 0, 0, 1 )

[node name="Label" parent="RaceUI/winners/list/labels" index="0"]
custom_colors/font_color_shadow = Color( 0, 0, 0, 1 )

[node name="Label2" parent="RaceUI/winners/list/labels" index="1"]
margin_top = 123.0
margin_bottom = 156.0
custom_colors/font_color_shadow = Color( 0, 0, 0, 1 )

[node name="Label3" parent="RaceUI/winners/list/labels" index="2"]
margin_top = 193.0
margin_bottom = 226.0
custom_colors/font_color_shadow = Color( 0, 0, 0, 1 )

[node name="Label4" parent="RaceUI/winners/list/labels" index="3"]
custom_colors/font_color_shadow = Color( 0, 0, 0, 1 )

[node name="Label5" parent="RaceUI/winners/list/labels" index="4"]
custom_colors/font_color_shadow = Color( 0, 0, 0, 1 )

[node name="Label6" parent="RaceUI/winners/list/labels" index="5"]
custom_colors/font_color_shadow = Color( 0, 0, 0, 1 )

[node name="racer" parent="RaceUI/winners/list/names" index="0"]
margin_top = 52.0
margin_bottom = 85.0
custom_colors/font_color_shadow = Color( 0, 0, 0, 1 )

[node name="racer2" parent="RaceUI/winners/list/names" index="1"]
margin_top = 123.0
margin_bottom = 156.0
custom_colors/font_color_shadow = Color( 0, 0, 0, 1 )

[node name="racer3" parent="RaceUI/winners/list/names" index="2"]
custom_colors/font_color_shadow = Color( 0, 0, 0, 1 )

[node name="racer4" parent="RaceUI/winners/list/names" index="3"]
margin_top = 87.0
margin_bottom = 120.0
custom_colors/font_color_shadow = Color( 0, 0, 0, 1 )

[node name="racer5" parent="RaceUI/winners/list/names" index="4"]
margin_top = 158.0
margin_bottom = 191.0
custom_colors/font_color_shadow = Color( 0, 0, 0, 1 )

[node name="racer6" parent="RaceUI/winners/list/names" index="5"]
margin_top = 229.0
margin_bottom = 262.0
custom_colors/font_color_shadow = Color( 0, 0, 0, 1 )

[node name="WorldEnvironment" type="WorldEnvironment" parent="."]
environment = SubResource( 3 )

[node name="DirectionalLight" type="DirectionalLight" parent="WorldEnvironment"]
transform = Transform( 0.254481, 0.955977, -0.146105, 0.359914, 0.0466039, 0.931821, 0.897609, -0.289716, -0.33221, -1.0299, 52.6197, -0.0427597 )
light_color = Color( 1, 0.996078, 0.972549, 1 )
light_energy = 0.5
shadow_enabled = true

[node name="DirectionalLight" type="DirectionalLight" parent="WorldEnvironment/DirectionalLight"]
transform = Transform( 0.852494, -2.98023e-08, 0.522737, 0, 1, -1.49012e-08, -0.522737, 7.45058e-09, 0.852494, 0, 0, 0 )
light_color = Color( 1, 0, 0, 1 )
light_energy = 0.5

[node name="player_camera" parent="." instance=ExtResource( 11 )]
transform = Transform( -0.103209, 0, -0.99466, 0, 1, 0, 0.99466, 0, -0.103209, 0, 2.06887, 0.275277 )
body_node = NodePath("../player_cart")
process_input = false

[node name="player_cart" parent="." instance=ExtResource( 7 )]
transform = Transform( -0.0240482, 0, -0.999711, 0, 1, 0, 0.999711, 0, -0.0240482, 0.758001, 0.78125, 4.23055 )
target_node = NodePath("../AutoRoad/start")
force_brake = true

[node name="npc_cart" parent="." instance=ExtResource( 9 )]
transform = Transform( -5.21243e-05, 0, -1, 0, 1, 0, 1, 0, -5.21243e-05, 0.9784, 0.712597, 1.43354 )
racer_name = "Janice"
velocity_slow_brake = 20.0
turn_aggression = 0.9

[node name="MeshInstance" type="MeshInstance" parent="npc_cart"]
transform = Transform( 1, 0, 2.91038e-11, 0, 1, 0, -2.91038e-11, 0, 1, 9.29832e-06, 0.592423, 0.177851 )
mesh = SubResource( 4 )
material/0 = SubResource( 5 )

[node name="npc_cart2" parent="." instance=ExtResource( 9 )]
transform = Transform( -5.21243e-05, 0, -1, 0, 1, 0, 1, 0, -5.21243e-05, 0.9784, 0.712597, -1.58708 )
racer_name = "Nathaniel"
turn_aggression = 1.5

[node name="MeshInstance" type="MeshInstance" parent="npc_cart2"]
transform = Transform( 1, 0, 2.91038e-11, 0, 1, 0, -2.91038e-11, 0, 1, 9.29832e-06, 0.592423, 0.177851 )
mesh = SubResource( 4 )
material/0 = SubResource( 6 )

[node name="npc_cart3" parent="." instance=ExtResource( 9 )]
transform = Transform( -5.21243e-05, 0, -1, 0, 1, 0, 1, 0, -5.21243e-05, 0.974327, 0.629578, -4.39996 )
racer_name = "Ferguson"
avoidance_sensitivity = 1.0

[node name="MeshInstance" type="MeshInstance" parent="npc_cart3"]
transform = Transform( 1, 0, 3.63798e-11, 0, 1, 0, -3.63798e-11, 0, 1, -0.0131683, 0.575838, 0.197621 )
mesh = SubResource( 4 )
material/0 = SubResource( 7 )

[node name="spawn_sandstone" parent="." instance=ExtResource( 8 )]
transform = Transform( 0.214633, 0, -0.976695, 0, 1, 0, 0.976695, 0, 0.214633, 60.4263, 0.872322, -4.99993 )

[node name="spawn_sandstone2" parent="." instance=ExtResource( 8 )]
transform = Transform( 0.214633, 0, -0.976695, 0, 1, 0, 0.976695, 0, 0.214633, 59.3851, 0.872322, -11.3725 )

[node name="spawn_sandstone3" parent="." instance=ExtResource( 8 )]
transform = Transform( 0.214633, 0, -0.976695, 0, 1, 0, 0.976695, 0, 0.214633, 62.0298, 0.872322, 1.15688 )

[node name="spawn_sandstone4" parent="." instance=ExtResource( 8 )]
transform = Transform( -0.0115712, 0, -0.999933, 0, 1, 0, 0.999933, 0, -0.0115712, 22.4721, 28.0099, -629.361 )

[node name="spawn_sandstone5" parent="." instance=ExtResource( 8 )]
transform = Transform( 0.0279915, 0, -0.999608, 0, 1, 0, 0.999608, 0, 0.0279915, 22.7402, 28.0099, -635.671 )

[node name="spawn_sandstone6" parent="." instance=ExtResource( 8 )]
transform = Transform( -0.0137352, 0, -0.999906, 0, 1, 0, 0.999906, 0, -0.0137352, 22.4092, 28.0099, -622.926 )

[node name="spawn_sandstone7" parent="." instance=ExtResource( 8 )]
transform = Transform( 0.858611, 0, 0.512628, 0, 1, 0, -0.512628, 0, 0.858611, -371.537, -24.3504, -296.865 )

[node name="spawn_sandstone8" parent="." instance=ExtResource( 8 )]
transform = Transform( 0.870416, 0, 0.492317, 0, 1, 0, -0.492317, 0, 0.870416, -376.509, -23.8745, -292.947 )

[node name="spawn_sandstone9" parent="." instance=ExtResource( 8 )]
transform = Transform( 0.852202, 0, 0.523213, 0, 1, 0, -0.523213, 0, 0.852202, -366.236, -24.3504, -300.255 )

[node name="AutoRoad" type="Path" parent="."]
transform = Transform( 1, 0, 0, 0, 1, 0, 0, 0, 1, -6.43487, 0, 0 )
curve = SubResource( 8 )
script = ExtResource( 2 )
template_mesh = ExtResource( 4 )
material = SubResource( 9 )
template_transform = Transform( 1, 0, 0, 0, 0.5, 0, 0, 0, 1, 0, 0, 0 )
object_distance = 50.0

[node name="marker" parent="AutoRoad" instance=ExtResource( 10 )]
transform = Transform( 0.834963, 0, 0.550306, 0, 1, 0, -0.550306, 0, 0.834963, 90.2663, 1.70587, -19.2514 )
next_marker = NodePath("../marker16")

[node name="CollisionShape3" type="CollisionShape" parent="AutoRoad/marker"]
transform = Transform( 1, 0, 0, 0, 1, 0, 0, 0, 1, -1.05106, 7.65562, 4.80466 )
shape = SubResource( 10 )

[node name="marker16" parent="AutoRoad" instance=ExtResource( 10 )]
transform = Transform( 0.297775, 0, 0.954636, 0, 1, 0, -0.954636, 0, 0.297775, 125.521, 8.49797, -59.9798 )
next_marker = NodePath("../marker2")

[node name="CollisionShape3" type="CollisionShape" parent="AutoRoad/marker16"]
transform = Transform( 1, 0, 0, 0, 1, 0, 0, 0, 1, -5.94323, 7.65562, 4.44841 )
shape = SubResource( 10 )

[node name="marker2" parent="AutoRoad" instance=ExtResource( 10 )]
transform = Transform( 0.343611, 0, 0.939112, 0, 1, 0, -0.939112, 0, 0.343611, 177.765, 37.0163, -220.854 )
next_marker = NodePath("../marker3")

[node name="CollisionShape3" type="CollisionShape" parent="AutoRoad/marker2"]
transform = Transform( 1, 0, -5.96046e-08, 0, 1, 0, 5.96046e-08, 0, 1, -4.556, 8.21017, 0.553986 )
shape = SubResource( 10 )

[node name="marker3" parent="AutoRoad" instance=ExtResource( 10 )]
transform = Transform( -0.0137879, 0, -0.999904, 0, 1, 0, 0.999904, 0, -0.0137879, 211.997, 25.9635, -363.034 )
next_marker = NodePath("../marker12")

[node name="CollisionShape3" type="CollisionShape" parent="AutoRoad/marker3"]
transform = Transform( 1, 0, 7.63685e-08, 0, 1, 0, -7.63685e-08, 0, 1, 13.7054, 6.35587, 3.63557 )
shape = SubResource( 10 )

[node name="marker12" parent="AutoRoad" instance=ExtResource( 10 )]
transform = Transform( -0.340281, 0, 0.940323, 0, 1, 0, -0.940323, 0, -0.340281, 191.726, 20.0449, -473.729 )
next_marker = NodePath("../marker4")

[node name="CollisionShape3" type="CollisionShape" parent="AutoRoad/marker12"]
transform = Transform( 1, 0, 0, 0, 1, 0, 0, 0, 1, -5.58591, 4.93179, 0.761414 )
shape = SubResource( 10 )

[node name="marker4" parent="AutoRoad" instance=ExtResource( 10 )]
transform = Transform( -0.592351, 0, 0.80568, 0, 1, 0, -0.80568, 0, -0.592351, 115.129, 27.8577, -586.281 )
next_marker = NodePath("../marker21")

[node name="CollisionShape3" type="CollisionShape" parent="AutoRoad/marker4"]
transform = Transform( 1, 0, 0, 0, 1, 0, 0, 0, 1, -4.66714, 8.36163, 1.00296 )
shape = SubResource( 10 )

[node name="marker21" parent="AutoRoad" instance=ExtResource( 10 )]
transform = Transform( -0.790882, 0, 0.611969, 0, 1, 0, -0.611969, 0, -0.790882, 70.069, 30.336, -617.139 )
next_marker = NodePath("../marker17")

[node name="CollisionShape3" type="CollisionShape" parent="AutoRoad/marker21"]
transform = Transform( 1, 0, 0, 0, 1, 0, 0, 0, 1, -8.20914, 8.36163, 1.55408 )
shape = SubResource( 10 )

[node name="marker17" parent="AutoRoad" instance=ExtResource( 10 )]
transform = Transform( -0.985128, 0, 0.171826, 0, 1, 0, -0.171826, 0, -0.985128, 42.662, 29.5195, -625.805 )
next_marker = NodePath("../marker13")

[node name="CollisionShape3" type="CollisionShape" parent="AutoRoad/marker17"]
transform = Transform( 1, 0, 5.96046e-08, 0, 1, 0, -5.96046e-08, 0, 1, -6.96857, 8.36163, 0.186646 )
shape = SubResource( 10 )

[node name="marker13" parent="AutoRoad" instance=ExtResource( 10 )]
transform = Transform( -0.999368, 0, -0.0355628, 0, 1, 0, 0.0355628, 0, -0.999368, -17.6164, 22.5105, -624.564 )
mandatory = true
next_marker = NodePath("../marker5")
next_mandatory_marker = NodePath("../start")

[node name="CollisionShape3" type="CollisionShape" parent="AutoRoad/marker13"]
transform = Transform( 1, 0, -4.09782e-08, 0, 1, 0, 4.09782e-08, 0, 1, -7.12385, 8.36163, 0.922363 )
shape = SubResource( 10 )

[node name="marker5" parent="AutoRoad" instance=ExtResource( 10 )]
transform = Transform( -0.982726, 0, -0.185066, 0, 1, 0, 0.185066, 0, -0.982726, -122.323, 12.5144, -611.422 )
next_marker = NodePath("../marker6")

[node name="CollisionShape3" type="CollisionShape" parent="AutoRoad/marker5"]
transform = Transform( 1, 0, 2.98023e-08, 0, 1, 0, -2.98023e-08, 0, 1, -8.81471, 8.31604, -0.546082 )
shape = SubResource( 10 )

[node name="marker6" parent="AutoRoad" instance=ExtResource( 10 )]
transform = Transform( -0.900706, 0, -0.43443, 0, 1, 0, 0.43443, 0, -0.900706, -309.637, -12.3899, -564.58 )
next_marker = NodePath("../marker18")

[node name="CollisionShape3" type="CollisionShape" parent="AutoRoad/marker6"]
transform = Transform( 1, 0, 0, 0, 1, 0, 0, 0, 1, -4.96176, 8.21017, -0.0834961 )
shape = SubResource( 10 )

[node name="marker18" parent="AutoRoad" instance=ExtResource( 10 )]
transform = Transform( -0.900706, 0, -0.43443, 0, 1, 0, 0.43443, 0, -0.900706, -387.41, -23.6659, -531.764 )
next_marker = NodePath("../marker7")

[node name="CollisionShape3" type="CollisionShape" parent="AutoRoad/marker18"]
transform = Transform( 1, 0, 0, 0, 1, 0, 0, 0, 1, -5.15704, 8.21017, 1.56323 )
shape = SubResource( 10 )

[node name="marker7" parent="AutoRoad" instance=ExtResource( 10 )]
transform = Transform( -0.813902, 0, -0.581001, 0, 1, 0, 0.581001, 0, -0.813902, -422.842, -27.9734, -506.756 )
next_marker = NodePath("../marker19")

[node name="CollisionShape3" type="CollisionShape" parent="AutoRoad/marker7"]
transform = Transform( 1, 0, -2.98023e-08, 0, 1, 0, 2.98023e-08, 0, 1, -4.06351, 8.21017, 2.77063 )
shape = SubResource( 10 )

[node name="marker19" parent="AutoRoad" instance=ExtResource( 10 )]
transform = Transform( -0.56734, 0, -0.823482, 0, 1, 0, 0.823482, 0, -0.56734, -437.183, -30.1515, -493.933 )
next_marker = NodePath("../marker22")

[node name="CollisionShape3" type="CollisionShape" parent="AutoRoad/marker19"]
transform = Transform( 1, 0, -2.98023e-08, 0, 1, 0, 2.98023e-08, 0, 1, -3.27187, 8.21017, 4.8349 )
shape = SubResource( 10 )

[node name="marker22" parent="AutoRoad" instance=ExtResource( 10 )]
transform = Transform( -0.329278, 0, -0.944232, 0, 1, 0, 0.944232, 0, -0.329278, -443.991, -31.9957, -482.922 )
next_marker = NodePath("../marker14")

[node name="CollisionShape3" type="CollisionShape" parent="AutoRoad/marker22"]
transform = Transform( 1, 0, -8.9407e-08, 0, 1, 0, 8.9407e-08, 0, 1, -4.73431, 8.21017, -0.31543 )
shape = SubResource( 10 )

[node name="marker14" parent="AutoRoad" instance=ExtResource( 10 )]
transform = Transform( -0.105466, 0, -0.994422, 0, 1, 0, 0.994422, 0, -0.105466, -445.023, -31.8086, -470.064 )
next_marker = NodePath("../marker10")

[node name="CollisionShape3" type="CollisionShape" parent="AutoRoad/marker14"]
transform = Transform( 1, 0, -4.47035e-08, 0, 1, 0, 4.47035e-08, 0, 1, -3.49146, 8.21017, 2.18585 )
shape = SubResource( 10 )

[node name="marker10" parent="AutoRoad" instance=ExtResource( 10 )]
transform = Transform( 0.192145, 0, -0.981367, 0, 1, 0, 0.981367, 0, 0.192145, -438.627, -33.9751, -439.984 )
next_marker = NodePath("../marker11")

[node name="CollisionShape3" type="CollisionShape" parent="AutoRoad/marker10"]
transform = Transform( 0.997505, 0, 0.0705921, 0, 1, 0, -0.0705921, 0, 0.997505, -4.63232, 8.21017, 3.14362 )
shape = SubResource( 10 )

[node name="marker11" parent="AutoRoad" instance=ExtResource( 10 )]
transform = Transform( 0.555062, 0, -0.831808, 0, 1, 0, 0.831808, 0, 0.555062, -394.903, -28.2555, -349.586 )
next_marker = NodePath("../marker20")

[node name="CollisionShape3" type="CollisionShape" parent="AutoRoad/marker11"]
transform = Transform( 1, 0, -2.98023e-08, 0, 1, 0, 2.98023e-08, 0, 1, -4.71442, 8.21017, 2.38072 )
shape = SubResource( 10 )

[node name="marker20" parent="AutoRoad" instance=ExtResource( 10 )]
transform = Transform( 0.732662, 0, -0.680592, 0, 1, 0, 0.680592, 0, 0.732662, -314.217, -18.8288, -236.516 )
next_marker = NodePath("../marker8")

[node name="CollisionShape3" type="CollisionShape" parent="AutoRoad/marker20"]
transform = Transform( 1, 0, -2.98023e-08, 0, 1, 0, 2.98023e-08, 0, 1, -5.18408, 8.21017, 1.85939 )
shape = SubResource( 10 )

[node name="marker8" parent="AutoRoad" instance=ExtResource( 10 )]
transform = Transform( 0.718758, 0, -0.695261, 0, 1, 0, 0.695261, 0, 0.718758, -253.437, -12.9984, -168.044 )
next_marker = NodePath("../marker15")

[node name="CollisionShape3" type="CollisionShape" parent="AutoRoad/marker8"]
transform = Transform( 1, 0, 2.98023e-08, 0, 1, 0, -2.98023e-08, 0, 1, -3.4852, 8.21017, -0.113968 )
shape = SubResource( 10 )

[node name="marker15" parent="AutoRoad" instance=ExtResource( 10 )]
transform = Transform( 0.910605, 0, -0.413279, 0, 1, 0, 0.413279, 0, 0.910605, -121.008, -2.485, -51.543 )
next_marker = NodePath("../marker9")

[node name="CollisionShape3" type="CollisionShape" parent="AutoRoad/marker15"]
transform = Transform( 1, 0, -1.19209e-07, 0, 1, 0, 1.19209e-07, 0, 1, -4.491, 8.21017, -0.780331 )
shape = SubResource( 10 )

[node name="marker9" parent="AutoRoad" instance=ExtResource( 10 )]
transform = Transform( 0.969093, 0, -0.246695, 0, 1, 0, 0.246695, 0, 0.969093, -52.2913, 2.46745, -14.101 )
next_marker = NodePath("../start")

[node name="CollisionShape3" type="CollisionShape" parent="AutoRoad/marker9"]
transform = Transform( 1, 0, 2.98023e-08, 0, 1, 0, -2.98023e-08, 0, 1, -6.77204, 8.21017, 1.52678 )
shape = SubResource( 10 )

[node name="start" parent="AutoRoad" instance=ExtResource( 10 )]
transform = Transform( 0.99948, 0, 0.0322302, 0, 1, 0, -0.0322302, 0, 0.99948, 30.3669, 2.46745, 0.233921 )
mandatory = true
next_marker = NodePath("../marker")
next_mandatory_marker = NodePath("../marker13")

[node name="CollisionShape3" type="CollisionShape" parent="AutoRoad/start"]
transform = Transform( 1, 0, 2.98023e-08, 0, 1, 0, -2.98023e-08, 0, 1, -5.63251, 8.21017, -0.3484 )
shape = SubResource( 10 )

[node name="Spatial" parent="AutoRoad/start" instance=ExtResource( 6 )]
transform = Transform( -8.9407e-08, 0, -2, 0, 2, 0, 2, 0, -8.9407e-08, -10.8041, -2.41539, -0.348401 )

[node name="slow_zone" type="Area" parent="AutoRoad"]
transform = Transform( 1, 0, 0, 0, 1, 0, 0, 0, 1, 117.887, 26.5908, -587.815 )
collision_layer = 2
collision_mask = 2
script = ExtResource( 1 )
__meta__ = {
"_edit_group_": true
}

[node name="CollisionShape" type="CollisionShape" parent="AutoRoad/slow_zone"]
shape = SubResource( 11 )

[node name="slow_zone2" type="Area" parent="AutoRoad"]
transform = Transform( 0.996243, 0, -0.0865993, 0, 1, 0, 0.0865993, 0, 0.996243, -394.16, -16.3889, -533.054 )
collision_layer = 2
collision_mask = 2
script = ExtResource( 1 )
__meta__ = {
"_edit_group_": true
}

[node name="CollisionShape" type="CollisionShape" parent="AutoRoad/slow_zone2"]
transform = Transform( 0.615319, -0.151598, -0.773564, 0.0825454, 0.98833, -0.128027, 0.783944, 0.0149231, 0.620652, -8.51874, -0.273636, 12.3773 )
shape = SubResource( 12 )

[node name="slow_zone3" type="Area" parent="AutoRoad"]
transform = Transform( 0.151335, 0.0261028, -0.988138, -0.0971941, 0.9952, 0.0114039, 0.983692, 0.0943154, 0.153145, -168.936, 1.47762, -93.1781 )
collision_layer = 2
collision_mask = 2
script = ExtResource( 1 )
__meta__ = {
"_edit_group_": true
}

[node name="CollisionShape" type="CollisionShape" parent="AutoRoad/slow_zone3"]
transform = Transform( 0.615319, -0.151598, -0.773564, 0.0825454, 0.98833, -0.128027, 0.783944, 0.0149231, 0.620652, -8.51874, -0.273636, 12.3773 )
shape = SubResource( 13 )

[connection signal="race_start" from="." to="player_camera" method="_on_race_start"]
[connection signal="race_start" from="." to="RaceUI" method="_on_race_start"]
[connection signal="race_start" from="." to="player_cart" method="_on_race_start"]
[connection signal="ranking_changed" from="." to="RaceUI" method="_on_ranking_changed"]
[connection signal="winner" from="." to="RaceUI" method="_on_winner"]
[connection signal="go" from="RaceUI" to="music" method="play"]
[connection signal="go" from="RaceUI" to="." method="start_race"]
[connection signal="next_track" from="RaceUI" to="." method="_on_next_track"]
[connection signal="restart" from="RaceUI" to="." method="_on_restart"]
[connection signal="crossed" from="AutoRoad/start" to="." method="_on_start_crossed"]

[editable path="RaceUI"]
