[gd_scene load_steps=20 format=2]

[ext_resource path="res://scripts/ui/main_menu.gd" type="Script" id=1]
[ext_resource path="res://ui/default_theme.tres" type="Theme" id=2]
[ext_resource path="res://ui/fonts/big_font.tres" type="DynamicFont" id=3]
[ext_resource path="res://characters/ferguson_cart.tscn" type="PackedScene" id=4]
[ext_resource path="res://tracks/components/marker.tscn" type="PackedScene" id=5]
[ext_resource path="res://characters/janice_cart.tscn" type="PackedScene" id=6]
[ext_resource path="res://tracks/components/wild_fields_mesh.tscn" type="PackedScene" id=7]
[ext_resource path="res://tracks/components/starting_line.tscn" type="PackedScene" id=8]
[ext_resource path="res://weapons/swawn_sandstone.tscn" type="PackedScene" id=9]
[ext_resource path="res://characters/nathaniel_cart.tscn" type="PackedScene" id=10]
[ext_resource path="res://ui/controls_display.tscn" type="PackedScene" id=11]

[sub_resource type="BoxShape" id=1]
extents = Vector3( 22.0822, 14.8834, 9.47281 )

[sub_resource type="BoxShape" id=2]
extents = Vector3( 22.8309, 14.8834, 9.47281 )

[sub_resource type="BoxShape" id=3]
extents = Vector3( 20.1153, 14.8834, 9.47281 )

[sub_resource type="BoxShape" id=4]
extents = Vector3( 10.2968, 7.87803, 6.51764 )

[sub_resource type="BoxShape" id=5]
extents = Vector3( 17.0736, 7.87803, 6.60509 )

[sub_resource type="BoxShape" id=6]
extents = Vector3( 20.6052, 7.69388, 10.1281 )

[sub_resource type="ProceduralSky" id=7]
sky_top_color = Color( 0.403922, 0.345098, 0.937255, 1 )
sky_horizon_color = Color( 1, 0.705882, 0.392157, 1 )
sun_color = Color( 1, 0.337255, 0.105882, 1 )
sun_latitude = -0.36
sun_longitude = -48.21
sun_angle_min = 8.0
sun_angle_max = 20.0
sun_curve = 0.0707108
sun_energy = 12.43

[sub_resource type="Environment" id=8]
background_mode = 2
background_sky = SubResource( 7 )
tonemap_mode = 3

[node name="main_menu" type="Spatial"]
pause_mode = 2
script = ExtResource( 1 )

[node name="control" type="Control" parent="."]
anchor_right = 1.0
anchor_bottom = 1.0
theme = ExtResource( 2 )
__meta__ = {
"_edit_use_anchors_": false
}

[node name="buttons" type="VBoxContainer" parent="control"]
anchor_bottom = 1.0
margin_left = 46.0
margin_top = 115.0
margin_right = 257.0
__meta__ = {
"_edit_use_anchors_": false
}

[node name="Label2" type="Label" parent="control/buttons"]
margin_right = 621.0
margin_bottom = 41.0
text = "Please Don't Cheat at"
align = 2

[node name="Label" type="Label" parent="control/buttons"]
margin_top = 45.0
margin_right = 621.0
margin_bottom = 174.0
custom_fonts/font = ExtResource( 3 )
text = "Kitty Kart"

[node name="story" type="Button" parent="control/buttons"]
margin_top = 178.0
margin_right = 621.0
margin_bottom = 223.0
text = "Play"

[node name="shuffle" type="Button" parent="control/buttons"]
visible = false
margin_top = 227.0
margin_right = 621.0
margin_bottom = 272.0
text = "Pick Track"

[node name="controls" type="Button" parent="control/buttons"]
margin_top = 227.0
margin_right = 621.0
margin_bottom = 272.0
toggle_mode = true
text = "Controls"

[node name="quit" type="Button" parent="control/buttons"]
margin_top = 276.0
margin_right = 621.0
margin_bottom = 321.0
text = "Quit"

[node name="PanelContainer" type="PanelContainer" parent="control"]
visible = false
anchor_left = 0.95
anchor_top = 0.95
anchor_right = 0.95
anchor_bottom = 0.95
margin_left = -876.0
margin_top = -304.0
__meta__ = {
"_edit_use_anchors_": false
}

[node name="VBoxContainer" type="VBoxContainer" parent="control/PanelContainer"]
margin_right = 876.0
margin_bottom = 393.0

[node name="Label" type="Label" parent="control/PanelContainer/VBoxContainer"]
margin_right = 876.0
margin_bottom = 41.0
text = "Controls"

[node name="Control" parent="control/PanelContainer/VBoxContainer" instance=ExtResource( 11 )]
anchor_right = 0.0
anchor_bottom = 0.0
margin_top = 45.0
margin_right = 876.0
margin_bottom = 349.0

[node name="Camera" type="Camera" parent="."]
transform = Transform( -0.901585, -0.149567, 0.405925, -0.00756458, 0.943639, 0.33089, -0.432537, 0.295255, -0.851902, -25.632, 161.7, -138.25 )
current = true
near = 2.0
far = 2000.0

[node name="wild_fields" type="Spatial" parent="."]

[node name="ferguson_cart" parent="wild_fields" instance=ExtResource( 4 )]
transform = Transform( -1, 0, -1.50996e-07, 0, 1, 0, 1.50996e-07, 0, -1, -271.021, 45.0944, 118.513 )
target_node = NodePath("../wild_fields/start")
horsepower = 230.0

[node name="nathaniel_cart" parent="wild_fields" instance=ExtResource( 10 )]
transform = Transform( -1, 0, -1.50996e-07, 0, 1, 0, 1.50996e-07, 0, -1, -273.581, 44.9834, 118.527 )
target_node = NodePath("../wild_fields/start")
horsepower = 230.0

[node name="janice_cart" parent="wild_fields" instance=ExtResource( 6 )]
transform = Transform( -1, 0, -1.50996e-07, 0, 1, 0, 1.50996e-07, 0, -1, -276.276, 44.8196, 118.612 )
target_node = NodePath("../wild_fields/start")
horsepower = 230.0

[node name="wild_fields" parent="wild_fields" instance=ExtResource( 7 )]
transform = Transform( 1, 0, 0, 0, 1, 0, 0, 0, 1, 0, 21.9461, 0 )

[node name="spawn_sandstone" parent="wild_fields/wild_fields" instance=ExtResource( 9 )]
transform = Transform( 0.382828, 0, -0.923819, 0, 1, 0, 0.923819, 0, 0.382828, -36.1071, 24.0563, 132.875 )

[node name="spawn_sandstone2" parent="wild_fields/wild_fields" instance=ExtResource( 9 )]
transform = Transform( 0.382828, 0, -0.923819, 0, 1, 0, 0.923819, 0, 0.382828, -39.513, 24.0563, 126.438 )

[node name="spawn_sandstone3" parent="wild_fields/wild_fields" instance=ExtResource( 9 )]
transform = Transform( 0.382828, 0, -0.923819, 0, 1, 0, 0.923819, 0, 0.382828, -33.1471, 24.0563, 139.347 )

[node name="spawn_sandstone7" parent="wild_fields/wild_fields" instance=ExtResource( 9 )]
transform = Transform( 0.98522, 0, -0.171293, 0, 1, 0, 0.171293, 0, 0.98522, -234.167, 4.65907, -107.729 )

[node name="spawn_sandstone8" parent="wild_fields/wild_fields" instance=ExtResource( 9 )]
transform = Transform( 0.98522, 0, -0.171293, 0, 1, 0, 0.171293, 0, 0.98522, -241.426, 4.65907, -108.298 )

[node name="spawn_sandstone9" parent="wild_fields/wild_fields" instance=ExtResource( 9 )]
transform = Transform( 0.98522, 0, -0.171293, 0, 1, 0, 0.171293, 0, 0.98522, -227.115, 4.65907, -106.763 )

[node name="spawn_sandstone4" parent="wild_fields/wild_fields" instance=ExtResource( 9 )]
transform = Transform( 0.0706792, 0, -0.997499, 0, 1, 0, 0.997499, 0, 0.0706792, -23.1, 3.06206, -26.97 )

[node name="spawn_sandstone5" parent="wild_fields/wild_fields" instance=ExtResource( 9 )]
transform = Transform( 0.0706792, 0, -0.997499, 0, 1, 0, 0.997499, 0, 0.0706792, -24.2931, 1.95288, -34.1535 )

[node name="spawn_sandstone6" parent="wild_fields/wild_fields" instance=ExtResource( 9 )]
transform = Transform( 0.0706792, 0, -0.997499, 0, 1, 0, 0.997499, 0, 0.0706792, -22.3415, 3.96715, -19.8929 )

[node name="start" parent="wild_fields/wild_fields" instance=ExtResource( 5 )]
transform = Transform( 1, 0, 0, 0, 1, 0, 0, 0, 1, -276.16, 25.1829, 134.263 )
mandatory = true
next_marker = NodePath("../mark2")
next_mandatory_marker = NodePath("../mark11")

[node name="CollisionShape" type="CollisionShape" parent="wild_fields/wild_fields/start"]
transform = Transform( 1, 0, 0, 0, 1, 0, 0, 0, 1, 0, 0, 1.16359 )
shape = SubResource( 1 )

[node name="starting_line" parent="wild_fields/wild_fields/start" instance=ExtResource( 8 )]
transform = Transform( 4, 0, 0, 0, 4, 0, 0, 0, 4, 3.88547, -2.40022, -8.60159 )

[node name="mark2" parent="wild_fields/wild_fields" instance=ExtResource( 5 )]
transform = Transform( 0.764831, 0, 0.64423, 0, 1, 0, -0.64423, 0, 0.764831, -263.933, 25.1829, 197.925 )
next_marker = NodePath("../mark3")

[node name="CollisionShape" type="CollisionShape" parent="wild_fields/wild_fields/mark2"]
transform = Transform( 1, 0, 0, 0, 1, 0, 0, 0, 1, 7.1925, 0, -7.97446 )
shape = SubResource( 1 )

[node name="mark3" parent="wild_fields/wild_fields" instance=ExtResource( 5 )]
transform = Transform( 0.00682416, 0, 0.999977, 0, 1, 0, -0.999977, 0, 0.00682416, -202.665, 28.7161, 214.168 )
next_marker = NodePath("../mark4")

[node name="CollisionShape" type="CollisionShape" parent="wild_fields/wild_fields/mark3"]
transform = Transform( 1, 0, 0, 0, 1, 0, 0, 0, 1, -0.899048, 0, -7.97446 )
shape = SubResource( 1 )

[node name="mark4" parent="wild_fields/wild_fields" instance=ExtResource( 5 )]
transform = Transform( -0.455933, 0, 0.890014, 0, 1, 0, -0.890014, 0, -0.455933, -59.1708, 25.2058, 148.398 )
next_marker = NodePath("../mark5")

[node name="CollisionShape" type="CollisionShape" parent="wild_fields/wild_fields/mark4"]
transform = Transform( 1, 0, 0, 0, 1, 0, 0, 0, 1, -0.899048, 0, -7.97446 )
shape = SubResource( 1 )

[node name="mark5" parent="wild_fields/wild_fields" instance=ExtResource( 5 )]
transform = Transform( 0.541429, 0, 0.840746, 0, 1, 0, -0.840746, 0, 0.541429, 28.8241, 21.4247, 122.464 )
next_marker = NodePath("../mark6")

[node name="CollisionShape" type="CollisionShape" parent="wild_fields/wild_fields/mark5"]
transform = Transform( 1, 0, 0, 0, 1, 0, 0, 0, 1, -13.6287, 0, -7.97446 )
shape = SubResource( 1 )

[node name="mark6" parent="wild_fields/wild_fields" instance=ExtResource( 5 )]
transform = Transform( 0.969441, 0, -0.245324, 0, 1, 0, 0.245324, 0, 0.969441, 24.1875, 21.4247, 180.185 )
next_marker = NodePath("../mark7")

[node name="CollisionShape" type="CollisionShape" parent="wild_fields/wild_fields/mark6"]
transform = Transform( 1, 0, 0, 0, 1, 0, 0, 0, 1, 0.598328, 0, -10.3612 )
shape = SubResource( 1 )

[node name="mark7" parent="wild_fields/wild_fields" instance=ExtResource( 5 )]
transform = Transform( 0.787193, 0, 0.616706, 0, 1, 0, -0.616706, 0, 0.787193, 24.4906, 21.4247, 215.304 )
next_marker = NodePath("../mark8")

[node name="CollisionShape" type="CollisionShape" parent="wild_fields/wild_fields/mark7"]
transform = Transform( 1, 0, 2.98023e-08, 0, 1, 0, -2.98023e-08, 0, 1, 0.59832, 0, -5.04161 )
shape = SubResource( 1 )

[node name="mark8" parent="wild_fields/wild_fields" instance=ExtResource( 5 )]
transform = Transform( -0.451999, 0, 0.892018, 0, 1, 0, -0.892018, 0, -0.451999, 71.2474, 17.4253, 217.781 )
next_marker = NodePath("../mark9")

[node name="CollisionShape" type="CollisionShape" parent="wild_fields/wild_fields/mark8"]
transform = Transform( 1, 0, 2.98023e-08, 0, 1, 0, -2.98023e-08, 0, 1, 0.59832, 0, -5.04161 )
shape = SubResource( 1 )

[node name="mark9" parent="wild_fields/wild_fields" instance=ExtResource( 5 )]
transform = Transform( -0.451999, 0, 0.892018, 0, 1, 0, -0.892018, 0, -0.451999, 193.831, 6.5976, 87.4476 )
next_marker = NodePath("../mark10")

[node name="CollisionShape" type="CollisionShape" parent="wild_fields/wild_fields/mark9"]
transform = Transform( 1, 0, 2.98023e-08, 0, 1, 0, -2.98023e-08, 0, 1, -4.27869, 0, -5.04163 )
shape = SubResource( 2 )

[node name="mark10" parent="wild_fields/wild_fields" instance=ExtResource( 5 )]
transform = Transform( -0.98811, 0, 0.153745, 0, 1, 0, -0.153745, 0, -0.98811, 251.858, 5.4963, 36.3252 )
next_marker = NodePath("../mark11")

[node name="CollisionShape" type="CollisionShape" parent="wild_fields/wild_fields/mark10"]
transform = Transform( 1, 0, 2.98023e-08, 0, 1, 0, -2.98023e-08, 0, 1, 0.59832, 0, -5.04161 )
shape = SubResource( 1 )

[node name="mark11" parent="wild_fields/wild_fields" instance=ExtResource( 5 )]
transform = Transform( -0.933837, 0, -0.3577, 0, 1, 0, 0.3577, 0, -0.933837, 273.563, 1.4381, -103.171 )
mandatory = true
next_marker = NodePath("../mark12")
next_mandatory_marker = NodePath("../mark17")

[node name="CollisionShape" type="CollisionShape" parent="wild_fields/wild_fields/mark11"]
transform = Transform( 1, 0, 2.98023e-08, 0, 1, 0, -2.98023e-08, 0, 1, 0.59832, 0, -5.04161 )
shape = SubResource( 1 )

[node name="mark12" parent="wild_fields/wild_fields" instance=ExtResource( 5 )]
transform = Transform( -0.371352, 0, -0.928492, 0, 1, 0, 0.928492, 0, -0.371352, 253.106, 1.4381, -128.498 )
next_marker = NodePath("../mark13")

[node name="CollisionShape" type="CollisionShape" parent="wild_fields/wild_fields/mark12"]
transform = Transform( 1, 0, -2.98023e-08, 0, 1, 0, 2.98023e-08, 0, 1, -4.5291, 0, -2.90564 )
shape = SubResource( 1 )

[node name="mark13" parent="wild_fields/wild_fields" instance=ExtResource( 5 )]
transform = Transform( 0.431188, 0, -0.902262, 0, 1, 0, 0.902262, 0, 0.431188, 212.975, 1.4381, -123.539 )
next_marker = NodePath("../mark14")

[node name="CollisionShape" type="CollisionShape" parent="wild_fields/wild_fields/mark13"]
transform = Transform( 1, 0, 2.98023e-08, 0, 1, 0, -2.98023e-08, 0, 1, 0.59832, 0, -5.04161 )
shape = SubResource( 1 )

[node name="mark14" parent="wild_fields/wild_fields" instance=ExtResource( 5 )]
transform = Transform( 0.431188, 0, -0.902262, 0, 1, 0, 0.902262, 0, 0.431188, 164.759, 1.4381, -83.992 )
next_marker = NodePath("../mark15")

[node name="CollisionShape" type="CollisionShape" parent="wild_fields/wild_fields/mark14"]
transform = Transform( 1, 0, 2.98023e-08, 0, 1, 0, -2.98023e-08, 0, 1, 0.59832, 0, -5.04161 )
shape = SubResource( 1 )

[node name="mark15" parent="wild_fields/wild_fields" instance=ExtResource( 5 )]
transform = Transform( 0.153486, 0, -0.988151, 0, 1, 0, 0.988151, 0, 0.153486, 46.4422, 2.5194, -37.9517 )
next_marker = NodePath("../mark16")

[node name="CollisionShape" type="CollisionShape" parent="wild_fields/wild_fields/mark15"]
transform = Transform( 1, 0, 2.98023e-08, 0, 1, 0, -2.98023e-08, 0, 1, 0.59832, 0, -5.04161 )
shape = SubResource( 1 )

[node name="mark16" parent="wild_fields/wild_fields" instance=ExtResource( 5 )]
transform = Transform( -0.558368, 0, -0.829593, 0, 1, 0, 0.829593, 0, -0.558368, -115.004, 5.4595, -36.1169 )
next_marker = NodePath("../mark17")

[node name="CollisionShape" type="CollisionShape" parent="wild_fields/wild_fields/mark16"]
transform = Transform( 1, 0, 2.98023e-08, 0, 1, 0, -2.98023e-08, 0, 1, 0.59832, 0, -5.04161 )
shape = SubResource( 1 )

[node name="mark17" parent="wild_fields/wild_fields" instance=ExtResource( 5 )]
transform = Transform( -0.99921, 0, 0.0397481, 0, 1, 0, -0.0397481, 0, -0.99921, -136.471, 3.9369, -77.3245 )
mandatory = true
next_marker = NodePath("../mark18")
next_mandatory_marker = NodePath("../mark22")

[node name="CollisionShape" type="CollisionShape" parent="wild_fields/wild_fields/mark17"]
transform = Transform( 1, 0, 2.98023e-08, 0, 1, 0, -2.98023e-08, 0, 1, -2.1315, 0, -4.93302 )
shape = SubResource( 1 )

[node name="mark18" parent="wild_fields/wild_fields" instance=ExtResource( 5 )]
transform = Transform( -0.677903, 0, 0.735151, 0, 1, 0, -0.735151, 0, -0.677903, -110.816, 3.9369, -109.682 )
next_marker = NodePath("../mark28")

[node name="CollisionShape" type="CollisionShape" parent="wild_fields/wild_fields/mark18"]
transform = Transform( 1, 0, 2.98023e-08, 0, 1, 0, -2.98023e-08, 0, 1, 0.59832, 0, -5.04161 )
shape = SubResource( 1 )

[node name="mark28" parent="wild_fields/wild_fields" instance=ExtResource( 5 )]
transform = Transform( -0.37472, 0, 0.927138, 0, 1, 0, -0.927138, 0, -0.37472, -54.1519, 3.9369, -145.673 )
next_marker = NodePath("../mark19")

[node name="CollisionShape" type="CollisionShape" parent="wild_fields/wild_fields/mark28"]
transform = Transform( 1, 0, 2.98023e-08, 0, 1, 0, -2.98023e-08, 0, 1, 0.59832, 0, -5.04161 )
shape = SubResource( 1 )

[node name="mark19" parent="wild_fields/wild_fields" instance=ExtResource( 5 )]
transform = Transform( -0.164583, 0, 0.986363, 0, 1, 0, -0.986363, 0, -0.164583, 40.4332, -0.846901, -172.373 )
next_marker = NodePath("../mark20")

[node name="CollisionShape" type="CollisionShape" parent="wild_fields/wild_fields/mark19"]
transform = Transform( 1, 0, 2.98023e-08, 0, 1, 0, -2.98023e-08, 0, 1, 0.59832, 0, -5.04161 )
shape = SubResource( 1 )

[node name="mark20" parent="wild_fields/wild_fields" instance=ExtResource( 5 )]
transform = Transform( -0.593166, 0, 0.80508, 0, 1, 0, -0.80508, 0, -0.593166, 202.857, -0.846901, -195.611 )
next_marker = NodePath("../mark21")

[node name="CollisionShape" type="CollisionShape" parent="wild_fields/wild_fields/mark20"]
transform = Transform( 1, 0, 2.98023e-08, 0, 1, 0, -2.98023e-08, 0, 1, 0.59832, 0, -5.04161 )
shape = SubResource( 1 )

[node name="mark21" parent="wild_fields/wild_fields" instance=ExtResource( 5 )]
transform = Transform( -0.958452, 0, 0.285254, 0, 1, 0, -0.285254, 0, -0.958452, 240.598, -0.846901, -228.02 )
next_marker = NodePath("../mark27")

[node name="CollisionShape" type="CollisionShape" parent="wild_fields/wild_fields/mark21"]
transform = Transform( 1, 0, 2.98023e-08, 0, 1, 0, -2.98023e-08, 0, 1, -3.45015, 0, -5.0416 )
shape = SubResource( 3 )

[node name="mark27" parent="wild_fields/wild_fields" instance=ExtResource( 5 )]
transform = Transform( -0.993715, 0, -0.111937, 0, 1, 0, 0.111937, 0, -0.993715, 236.537, -0.846901, -251.45 )
next_marker = NodePath("../mark22")

[node name="CollisionShape" type="CollisionShape" parent="wild_fields/wild_fields/mark27"]
transform = Transform( 1, 0, 2.98023e-08, 0, 1, 0, -2.98023e-08, 0, 1, -3.45015, 0, -5.0416 )
shape = SubResource( 3 )

[node name="mark22" parent="wild_fields/wild_fields" instance=ExtResource( 5 )]
transform = Transform( -0.291787, 0, -0.956483, 0, 1, 0, 0.956483, 0, -0.291787, 210.895, -1.0392, -272.41 )
mandatory = true
next_marker = NodePath("../mark23")
next_mandatory_marker = NodePath("../start")

[node name="CollisionShape" type="CollisionShape" parent="wild_fields/wild_fields/mark22"]
transform = Transform( 1, 0, 2.98023e-08, 0, 1, 0, -2.98023e-08, 0, 1, 0.59832, 0, -5.04161 )
shape = SubResource( 1 )

[node name="mark23" parent="wild_fields/wild_fields" instance=ExtResource( 5 )]
transform = Transform( 0.206512, 0, -0.978444, 0, 1, 0, 0.978444, 0, 0.206512, 106.526, -1.0392, -271.992 )
next_marker = NodePath("../mark24")

[node name="CollisionShape" type="CollisionShape" parent="wild_fields/wild_fields/mark23"]
transform = Transform( 1, 0, 2.98023e-08, 0, 1, 0, -2.98023e-08, 0, 1, 0.59832, 0, -5.04161 )
shape = SubResource( 1 )

[node name="mark24" parent="wild_fields/wild_fields" instance=ExtResource( 5 )]
transform = Transform( 0.591014, 0, -0.806661, 0, 1, 0, 0.806661, 0, 0.591014, -166.046, -1.0392, -206.419 )
next_marker = NodePath("../mark25")

[node name="CollisionShape" type="CollisionShape" parent="wild_fields/wild_fields/mark24"]
transform = Transform( 1, 0, 2.98023e-08, 0, 1, 0, -2.98023e-08, 0, 1, 0.59832, 0, -5.04161 )
shape = SubResource( 1 )

[node name="mark25" parent="wild_fields/wild_fields" instance=ExtResource( 5 )]
transform = Transform( 0.986317, 0, -0.164858, 0, 1, 0, 0.164858, 0, 0.986317, -228.968, 2.3807, -139.49 )
next_marker = NodePath("../mark26")

[node name="CollisionShape" type="CollisionShape" parent="wild_fields/wild_fields/mark25"]
transform = Transform( 1, 0, 2.98023e-08, 0, 1, 0, -2.98023e-08, 0, 1, 0.59832, 0, -5.04161 )
shape = SubResource( 1 )

[node name="mark26" parent="wild_fields/wild_fields" instance=ExtResource( 5 )]
transform = Transform( 0.986317, 0, -0.164858, 0, 1, 0, 0.164858, 0, 0.986317, -253.66, 17.723, 8.23645 )
next_marker = NodePath("../start")

[node name="CollisionShape" type="CollisionShape" parent="wild_fields/wild_fields/mark26"]
transform = Transform( 1, 0, 2.98023e-08, 0, 1, 0, -2.98023e-08, 0, 1, 0.59832, 0, -5.04161 )
shape = SubResource( 1 )

[node name="StaticBody" type="StaticBody" parent="wild_fields/wild_fields"]
transform = Transform( 1, 0, 0, 0, 1, 0, 0, 0, 1, -16.5876, 24.8735, 37.103 )
collision_layer = 5
collision_mask = 5

[node name="CollisionShape" type="CollisionShape" parent="wild_fields/wild_fields/StaticBody"]
shape = SubResource( 4 )

[node name="StaticBody7" type="StaticBody" parent="wild_fields/wild_fields"]
transform = Transform( 1, 0, 0, 0, 1, 0, 0, 0, 1, -120.76, 32.549, 63.3403 )
collision_layer = 5
collision_mask = 5

[node name="CollisionShape" type="CollisionShape" parent="wild_fields/wild_fields/StaticBody7"]
shape = SubResource( 4 )

[node name="StaticBody8" type="StaticBody" parent="wild_fields/wild_fields"]
transform = Transform( -4.37114e-08, 0, 1, 0, 1, 0, -1, 0, -4.37114e-08, -139.599, 32.8408, 59.7502 )
collision_layer = 5
collision_mask = 5

[node name="CollisionShape" type="CollisionShape" parent="wild_fields/wild_fields/StaticBody8"]
shape = SubResource( 4 )

[node name="StaticBody5" type="StaticBody" parent="wild_fields/wild_fields"]
transform = Transform( -4.37114e-08, 0, 1, 0, 1, 0, -1, 0, -4.37114e-08, -208.107, 33.7744, 153.883 )
collision_layer = 5
collision_mask = 5

[node name="CollisionShape" type="CollisionShape" parent="wild_fields/wild_fields/StaticBody5"]
shape = SubResource( 4 )

[node name="StaticBody6" type="StaticBody" parent="wild_fields/wild_fields"]
transform = Transform( -4.37114e-08, 0, 1, 0, 1, 0, -1, 0, -4.37114e-08, -242.604, 32.4156, 153.285 )
collision_layer = 5
collision_mask = 5

[node name="CollisionShape" type="CollisionShape" parent="wild_fields/wild_fields/StaticBody6"]
shape = SubResource( 4 )

[node name="StaticBody2" type="StaticBody" parent="wild_fields/wild_fields"]
transform = Transform( 1, 0, 0, 0, 1, 0, 0, 0, 1, -47.9848, 24.8735, 37.186 )
collision_layer = 5
collision_mask = 5

[node name="CollisionShape" type="CollisionShape" parent="wild_fields/wild_fields/StaticBody2"]
shape = SubResource( 5 )

[node name="StaticBody4" type="StaticBody" parent="wild_fields/wild_fields"]
transform = Transform( 1, 0, 0, 0, 1, 0, 0, 0, 1, -198.351, 37.3648, 121.598 )
collision_layer = 5
collision_mask = 5

[node name="CollisionShape" type="CollisionShape" parent="wild_fields/wild_fields/StaticBody4"]
shape = SubResource( 5 )

[node name="StaticBody13" type="StaticBody" parent="wild_fields/wild_fields"]
transform = Transform( 1, 0, 0, 0, 1, 0, 0, 0, 1, -180.176, 33.5028, 142.99 )
collision_layer = 5
collision_mask = 5

[node name="CollisionShape" type="CollisionShape" parent="wild_fields/wild_fields/StaticBody13"]
shape = SubResource( 5 )

[node name="StaticBody3" type="StaticBody" parent="wild_fields/wild_fields"]
transform = Transform( 1, 0, 0, 0, 1, 0, 0, 0, 1, -88.5667, 25.8298, 37.1675 )
collision_layer = 5
collision_mask = 5

[node name="CollisionShape" type="CollisionShape" parent="wild_fields/wild_fields/StaticBody3"]
shape = SubResource( 5 )

[node name="StaticBody9" type="StaticBody" parent="wild_fields/wild_fields"]
transform = Transform( 1, 0, 0, 0, 1, 0, 0, 0, 1, -128.451, 25.8298, 37.1675 )
collision_layer = 5
collision_mask = 5

[node name="CollisionShape" type="CollisionShape" parent="wild_fields/wild_fields/StaticBody9"]
shape = SubResource( 5 )

[node name="StaticBody10" type="StaticBody" parent="wild_fields/wild_fields"]
transform = Transform( 1, 0, 0, 0, 1, 0, 0, 0, 1, -106.807, 34.9037, 106.609 )
collision_layer = 5
collision_mask = 5

[node name="CollisionShape" type="CollisionShape" parent="wild_fields/wild_fields/StaticBody10"]
shape = SubResource( 5 )

[node name="StaticBody11" type="StaticBody" parent="wild_fields/wild_fields"]
transform = Transform( -4.37114e-08, 0, 1, 0, 1, 0, -1, 0, -4.37114e-08, -135.75, 34.9037, 111.1 )
collision_layer = 5
collision_mask = 5

[node name="CollisionShape" type="CollisionShape" parent="wild_fields/wild_fields/StaticBody11"]
shape = SubResource( 5 )

[node name="StaticBody12" type="StaticBody" parent="wild_fields/wild_fields"]
transform = Transform( -4.37114e-08, 0, 1, 0, 1, 0, -1, 0, -4.37114e-08, -167.167, 31.4341, 54.9994 )
collision_layer = 5
collision_mask = 5

[node name="CollisionShape" type="CollisionShape" parent="wild_fields/wild_fields/StaticBody12"]
shape = SubResource( 5 )

[node name="StaticBody14" type="StaticBody" parent="wild_fields/wild_fields"]
transform = Transform( 1, 0, 0, 0, 1, 0, 0, 0, 1, 56.5222, 20.4583, 50.4423 )
collision_layer = 5
collision_mask = 5

[node name="CollisionShape" type="CollisionShape" parent="wild_fields/wild_fields/StaticBody14"]
shape = SubResource( 6 )

[node name="DirectionalLight" type="DirectionalLight" parent="wild_fields"]
transform = Transform( 0.703159, -5.96046e-08, -0.711033, 0.23068, -0.94591, 0.228125, -0.672573, -0.324429, -0.665125, 0, 24.8237, 0 )
light_color = Color( 0.968627, 0.619608, 0.384314, 1 )
shadow_enabled = true
shadow_bias = 0.89
directional_shadow_split_1 = 0.25
directional_shadow_split_2 = 0.5
directional_shadow_split_3 = 0.75
directional_shadow_blend_splits = true
directional_shadow_bias_split_scale = 0.26
directional_shadow_depth_range = 1
directional_shadow_max_distance = 600.0

[node name="WorldEnvironment" type="WorldEnvironment" parent="wild_fields"]
environment = SubResource( 8 )

[connection signal="pressed" from="control/buttons/story" to="." method="_on_story_pressed"]
[connection signal="pressed" from="control/buttons/shuffle" to="." method="_on_shuffle_pressed"]
[connection signal="toggled" from="control/buttons/controls" to="." method="_on_controls_toggled"]
[connection signal="pressed" from="control/buttons/quit" to="." method="_on_quit_pressed"]
